time,x,y,z,phi,theta,psi,x_velocity,y_velocity,z_velocity,phi_velocity,theta_velocity,psi_velocity,rotor_speed1,rotor_speed2,rotor_speed3,rotor_speed4
0.06,3.093172560822847e-08,1.9751688155540882e-08,0.0042526997311299755,2.344269830079071e-05,6.283144283029772,0.0,3.2110435978698634e-06,1.9387157175217036e-06,0.14174884934131027,0.0011609721159313467,-0.0020876472512688813,0.0,450.0157594988401,449.8467886760736,449.9245966258014,450.0185552155843
0.12000000000000001,1.600875711311084e-06,9.490439025011665e-07,0.017014565575596097,0.0001128497889695268,6.283054084016943,0.0,6.0749786914065075e-05,3.765190609778478e-05,0.28362137920874897,0.0021404673140940776,-0.0003594532473054523,0.0,450.00263503483046,450.14251493545976,449.93564582677953,450.014892543294
0.18,8.278960265706413e-06,6.355471356312479e-06,0.038285809510123975,0.00039528392375043353,6.28292455028015,0.0,0.0001697313749057721,0.0001652574776215496,0.42537732362609176,0.009401652324802747,-0.0060255997482127335,0.0,450.38045616969805,449.92206579653805,449.6722717988744,450.2599195342712
0.23999999999999996,2.568669497135645e-05,2.724072892987418e-05,0.0680387943000171,0.0009961055250427009,6.282490686359093,0.0,0.00045336138415772034,0.0005938650777019237,0.5663289269832267,0.011210513615147836,-0.009758167463254393,0.0,450.1723067373323,449.8703347160683,449.74113414294965,449.88747103333066
0.3,7.04658629183946e-05,8.745452205837828e-05,0.10623354371123579,0.0017459086241107258,6.281888778007843,0.0,0.0011033242687909003,0.0014901062354785066,0.7067524084145606,0.01495240176675135,-0.010584778762447353,0.0,450.0882729832297,450.021503434942,449.58858115883726,449.8914894477007
0.36000000000000004,0.00016758757009954653,0.00021891186193404288,0.1528477658409277,0.0028687366204183107,6.281254016405507,0.0,0.002202478155775332,0.0030016293773229637,0.8469608301960964,0.025337373766909373,-0.010568524869660928,0.0,450.1712146759981,450.17265559386635,449.4256460477148,450.2664091904954
0.4200000000000001,0.0003444653043443122,0.0004681156929100361,0.2078487382273914,0.004660798230845309,6.280640509328059,0.0,0.0037604739769789342,0.005484755108220695,0.9862939357281642,0.037661284546170334,-0.009546998822188039,0.0,450.00145190247844,450.08424962618545,449.3634584518012,450.36149755384776
0.48000000000000015,0.0006279132282245919,0.0009083129734720464,0.27119390606138427,0.007158594843449606,6.2801108948062065,0.0,0.005746804285409254,0.009445201728544385,1.1250834729029155,0.048573040567756555,-0.007424258439556553,0.0,449.84086652497757,450.012827466787,449.6988435524446,450.5826401625302
0.5400000000000001,0.0010414791726690502,0.001643164523399659,0.3428415186665524,0.010353560644139392,6.279738866796389,0.0,0.008082150767744644,0.015378919608403053,1.2630249204238058,0.06125809373202509,-0.0038587355139053365,0.0,449.9844997314975,450.27311056160033,449.4705956271152,450.49914734669716
0.6000000000000002,0.001602310320164928,0.002806515369181478,0.42273692402986174,0.014355137331733658,6.279585681330261,0.0,0.010632211872943931,0.023812106636358188,1.3999923632684805,0.07579646738482947,-6.176624338003725e-05,0.0,450.00535502306303,450.3126253416451,449.40529362793654,450.585245720336
0.6600000000000003,0.0023183536679020427,0.004566077110191766,0.5108183094877373,0.019267009616151576,6.279749160870441,0.0,0.013226150141368975,0.035347154249934794,1.5358726764232968,0.09184708142467643,0.007784805784970003,0.0,449.76433360654727,450.39927777660904,449.46556485879336,450.7696256549661
0.7200000000000003,0.0031845330114096807,0.007127546039582051,0.6070121531320103,0.025095041314397548,6.280312321328761,0.0,0.015590485170675074,0.05064032910548785,1.6703886546259787,0.10602504095192514,0.01241016014199747,0.0,449.88415998769017,450.25836155853347,449.50274095021155,450.6579752800564
0.7800000000000004,0.004179181864178813,0.01073579064065031,0.7112433856332161,0.031853977873700146,6.281120010181949,0.0,0.017480803224563503,0.07033334248304851,1.8037649500953998,0.12337715539687605,0.015485265951833584,0.0,450.0661018296089,450.3147844044541,449.4258047991632,450.8408478879898
0.8400000000000004,0.00526883065197097,0.015674467399606564,0.8234234964984962,0.0395826962589787,6.282186884009651,0.0,0.01873351322770568,0.09509087509725428,1.9353295206138441,0.13791112697151878,0.02201731628705288,0.0,449.7462873266465,450.2749260911617,449.5650828110113,450.75589777292817
0.9000000000000005,0.006408838313804115,0.02226707711730654,0.9434428206487948,0.04816934928364969,0.0005638671052388133,0.0,0.019111960633444208,0.1255519760741163,2.0650488994808085,0.15187460358988042,0.03306228705010632,0.0,449.6747529911658,450.5686543521301,449.39448108076147,450.5435017572386
0.9600000000000005,0.007535228848773256,0.030873384074727485,1.071193285940194,0.05743992775938711,0.002793241693649584,0.0,0.018209623423708316,0.16228870810378343,2.1930092309233835,0.15931235081379158,0.044291588164615515,0.0,449.70712524789434,450.6163617251247,449.69019005712966,450.31441944923876
1.0200000000000005,0.008556898117655603,0.04188267861322258,1.2065719933105532,0.06715303992289279,0.005705320425796856,0.0,0.015550246383683818,0.20569313169707787,2.3192980739930102,0.1665837535484582,0.055895979243864656,0.0,449.95217781365903,450.89200765849586,449.6669933610127,450.28015585234294
1.0800000000000005,0.00935389243110153,0.05570307158418396,1.3494698920373196,0.07720598918047639,0.00933146143977659,0.0,0.01064713349932617,0.2560261361973957,2.4436224878089488,0.16941071762820323,0.06824138280970102,0.0,449.85859974372664,450.8596140098585,450.0690148943681,450.32419952468473
1.1400000000000006,0.009776680568852421,0.07275368876509673,1.4997421355147245,0.0875314287133806,0.013686870948881769,0.0,0.003001578242595676,0.31338271891715613,2.5650846357937493,0.17696741966330967,0.08010957310272127,0.0,449.8305768793117,450.7945583645631,449.63606733966554,450.2758043866752
1.2000000000000006,0.009645687056649385,0.09346181256485084,1.6572223467958476,0.0982901394340816,0.01873831241755397,0.0,-0.007883483628011684,0.37798073498334694,2.683858960506071,0.18362468890230116,0.09130379125207728,0.0,449.8579771859744,450.769138455783,449.603233787586,450.1728369018141
1.2600000000000007,0.00875262965970118,0.11826879807840877,1.8217411805158925,0.10939871026867021,0.02436602830351564,0.0,-0.02246197889892561,0.45004048632592347,2.7996752883909575,0.18801405092636264,0.09835982614671769,0.0,449.9201397899958,450.49834926366583,449.6884084027375,450.07658095656075
1.3200000000000007,0.0068651407951898875,0.14762801662286001,1.9931243032083108,0.12059490465610079,0.030330675115675554,0.0,-0.041066909486429395,0.5297295575472686,2.912638909074687,0.18362573569749238,0.10143239256559503,0.0,450.20953105392914,450.4664253588885,449.9954936393285,449.67346567895055
1.3800000000000008,0.0037362718552199268,0.18199486701250744,2.171194173158623,0.13142992269708476,0.03627300344666118,0.0,-0.06384603853692375,0.61691846301986,3.0225440280387015,0.17368617960252414,0.09376586279668084,0.0,450.4497947843634,449.83766945397116,450.47888365055724,449.7054343623468
1.4400000000000008,-0.0008811322117115985,0.22180937522810534,2.3557718654492055,0.14163958725022407,0.041880519817119044,0.0,-0.09063879679058325,0.7112441436993212,3.129550507764255,0.16198000272049412,0.09283736695800335,0.0,450.4047252166808,450.3368883342024,450.56801150653206,449.64786965459854
1.5000000000000009,-0.0072215306423498256,0.2674838332487149,2.546678542260148,0.15121471191940117,0.04746581392284277,0.0,-0.12127100420186965,0.8121690172226184,3.2334970444580353,0.15431318407385683,0.09358494733381001,0.0,450.4513118389163,450.5189574586357,450.49497099252324,449.8983918169594
1.560000000000001,-0.015514043965714914,0.319398560986862,2.74372095092385,0.16024052157810065,0.053077485004211944,0.0,-0.15570851533366928,0.9191902820512429,3.3340615978044785,0.14125369135985955,0.0934134993752051,0.0,450.36675367022633,450.36016119586765,450.8958786258479,449.86042138499096
1.620000000000001,-0.025985943365294174,0.37790284931112994,2.9466850968135057,0.16845183187681556,0.05866113392120731,0.0,-0.19391045678249352,1.0317276494090906,3.430883743235037,0.1261745719612645,0.09234648337169304,0.0,450.3325665481894,450.2534390339391,450.9229462441269,449.72004991254994
1.680000000000001,-0.03885981044781245,0.443303687934763,3.155321556022947,0.17583501764183396,0.06414731290169229,0.0,-0.23576054610665134,1.1489738622110603,3.5231418801141134,0.11594492492630518,0.08955226273844984,0.0,450.0004637126354,449.78112268491304,450.49356254515243,449.6790604260017
1.740000000000001,-0.05435277697208103,0.5158701425253988,3.3693856190207607,0.18253118673774882,0.06944878066730809,0.0,-0.28119118562764034,1.2705054730018979,3.61180287338118,0.1010881039528919,0.08585676685759404,0.0,449.97253086367334,449.67963836284326,450.70853754179194,449.5168946646801
1.8000000000000012,-0.07267479090700624,0.5958422517494791,3.5886633508018466,0.18839944889693072,0.0743986223370916,0.0,-0.3300294996858185,1.3957309469667256,3.696937777121186,0.09026662452208045,0.07475647342950273,0.0,450.1416363085197,449.2478215127936,450.6706287986138,449.80306689037957
1.8600000000000012,-0.09402111582553914,0.6834250013728245,3.8129517474256165,0.19367958541912955,0.07869587044793924,0.0,-0.3819307712018022,1.5241214000847136,3.7788319516419095,0.08304193028139122,0.06447170629362747,0.0,450.22410561885374,449.39501167733044,450.5530506418263,449.97482748269624
1.9200000000000013,-0.11856007540853936,0.7787914878336883,4.042038011771774,0.1986220764052078,0.08246002093365501,0.0,-0.43638852617510404,1.6551407199970836,3.856873032868119,0.08100705187193087,0.05901793887361653,0.0,449.8075734429583,449.3684523307467,450.2939613300534,450.13472152708533
1.9800000000000013,-0.14643636998855158,0.8820961171199388,4.27571325582636,0.2033976464048326,0.08591500345166736,0.0,-0.4931403877782575,1.788702474080912,3.9317956945602717,0.07660469622110114,0.0545479937331304,0.0,449.9357024991901,449.57588191465294,450.40525074858186,450.05402615788597
2.0400000000000014,-0.17777961164242187,0.9934823387768646,4.513774021307633,0.20787940707309005,0.08906574846593163,0.0,-0.5519224241522934,1.9244902898587695,4.003061165000141,0.07057828941143093,0.0480959631796719,0.0,449.91424248732426,449.3932641527609,450.4139897989094,449.9305847641201
2.1000000000000014,-0.21270621657264413,1.113079445489487,4.756020035413625,0.21208196310246397,0.09190852947449013,0.0,-0.6125489089154182,2.062357725003881,4.071309027326375,0.06894969616582236,0.04590769905767374,0.0,449.93074952788965,449.7548559469765,450.2690510979671,450.14093574644284
2.1600000000000015,-0.25132142344316527,1.241006243291038,5.002272993683656,0.21617600377147816,0.09463575211040087,0.0,-0.6748617065382404,2.2021271196055485,4.136624340172682,0.06676356431336318,0.044530207228643336,0.0,450.0505094840618,449.94016393540323,450.40869838450806,450.23528194487125
2.2200000000000015,-0.29372329028473626,1.3773711630307455,5.252349882325075,0.22003790499881148,0.09730730672345,0.0,-0.7387623906772254,2.343601652981623,4.198774981147756,0.05907817317981961,0.04451731757978033,0.0,450.0885711992179,450.0886317448317,450.6627993988782,450.04406091835034
2.2800000000000016,-0.34000578088989813,1.5222683156572905,5.50605930832068,0.22344695372688506,0.10006058639562987,0.0,-0.804218507236948,2.48648082409477,4.257718421448837,0.051864414695838496,0.04849656103737821,0.0,450.06424803173786,450.387439518014,450.5794449021647,449.99796240360035
2.3400000000000016,-0.3902644596412091,1.6757715426413806,5.763211982995267,0.22641613875264355,0.10299471620379741,0.0,-0.8713209054808132,2.6304189510376084,4.313558193986786,0.04424887237891942,0.049701005107962895,0.0,450.42135936279067,450.52020863352504,450.4522895994017,449.837430040178
2.4000000000000017,-0.4446003471999952,1.8379327793411735,6.0236190516414725,0.2290035147040772,0.10598954462310672,0.0,-0.9401305564073217,2.7750315022218177,4.366209557328437,0.04077092403285528,0.05033590336261009,0.0,450.4309979709512,450.48387244431683,450.30275185509953,450.02228468639356
2.4600000000000017,-0.5031152076030118,2.0087808706287733,6.287077158253874,0.23132815356364134,0.1090964343776788,0.0,-1.010626012194531,2.9199501999529973,4.41526831441683,0.034347309125069884,0.05452539148046736,0.0,450.25194125099785,450.5924863767705,450.16407420551786,449.64462705365764
2.520000000000002,-0.5659142530160985,2.188330025886037,6.553386565054845,0.23329273555492502,0.11236757572448575,0.0,-1.082955264011325,3.0650226248041603,4.461263131446906,0.029324938906518945,0.0545062864975558,0.0,450.22028364075777,450.2206777449452,450.3096862709701,449.9035651032021
2.580000000000002,-0.6331094387988323,2.376580677694456,6.822363603647555,0.23498433507301186,0.11570535822499828,0.0,-1.1571660844607259,3.209965008600527,4.504200284148631,0.025828592734422142,0.057786035144917536,0.0,449.8924984943119,450.1600581270918,450.40002799422234,450.11732518669703
2.640000000000002,-0.7048161596663439,2.57352009902573,7.093833181545146,0.23651419470516277,0.11927314939754119,0.0,-1.2333588385457261,3.354622524417877,4.544352767979394,0.02482753380128493,0.06262125771807057,0.0,449.87386524662594,450.2676971708864,450.3512943234733,450.2704101413608
2.700000000000002,-0.7811574217414707,2.779126159154914,7.36762571841189,0.23787479984733828,0.12316028953666347,0.0,-1.3116781600950935,3.4988344092177286,4.58163426114252,0.017985571128983576,0.06879489248143861,0.0,449.9717735453757,450.4743662795243,450.4651672860227,449.9114916320624
2.760000000000002,-0.8622691894321303,2.993370515768121,7.643588548961906,0.23877627739336482,0.1273496801036833,0.0,-1.3924058456341082,3.642516406406583,4.616705112822217,0.008325299016111338,0.07180326588991391,0.0,450.2661134825798,450.5131018891762,450.8373853635691,450.05594738578867
2.820000000000002,-0.9482979959224535,3.2162050930555544,7.921569832142187,0.2391429259587481,0.13156812110987204,0.0,-1.4755886154909914,3.78511568793639,4.648937005574738,0.0012664011532082056,0.06713561497695988,0.0,450.6649879929358,450.2911804090634,450.6040639843822,450.0328681741165
2.880000000000002,-1.0393921533102857,3.4475578823198876,8.201419008591971,0.2391378621074951,0.13542501433069987,0.0,-1.561221443045637,3.9264143676782193,4.678988612308691,-0.002933216011101784,0.05785929107914644,0.0,451.0866925861404,450.33978822032657,450.54249494660513,450.2027678898842
2.940000000000002,-1.1356861993361693,3.6873351852434277,8.482975126500746,0.2389114148938507,0.13864056215278175,0.0,-1.6488646944263263,4.065908951833956,4.705861141878538,-0.005511426747328605,0.043294763921189576,0.0,451.08077438115197,449.9046929116514,450.2523654955602,450.04376762694636
3.000000000000002,-1.2372891277015665,3.935426847475497,8.766061586607561,0.23858175973164197,0.1410258844739305,0.0,-1.7381074490833557,4.203547450696993,4.730026708570268,-0.0054599251584805,0.03152400817111754,0.0,450.9220886081051,449.9708006029881,449.9326075101316,449.93687387264333
3.0600000000000023,-1.3442823167875821,4.191719691084943,9.050519498570385,0.23822655972170192,0.14265593497488016,0.0,-1.8284768407374639,4.339280643727676,4.751597951985807,-0.006856441618020678,0.0165998244044648,0.0,450.7475962563676,449.53982557757035,450.00420895280797,449.8912294739798
3.1200000000000023,-1.4567227236658762,4.456104119569379,9.33622027312515,0.23780945432107892,0.1433967755786929,0.0,-1.9196042196521543,4.4732604293090885,4.771479795152941,-0.007143077824511254,0.002087385559351628,0.0,450.5059284684136,449.33062209997183,450.37054890954386,450.34747080562187
3.1800000000000024,-1.5746401722012497,4.7284737549309,9.623065377083636,0.23755289958744008,0.1432645563174768,0.0,-2.010970769656016,4.605462226712181,4.78976214174095,0.0009173028220873167,-0.012578874555212859,0.0,450.5389885612206,449.3514442007152,450.15048451432506,450.8024743779765
3.2400000000000024,-1.6980321490098962,5.008723893480841,9.910949547983039,0.23785356109241373,0.14227727495637765,0.0,-2.102014813782599,4.735994425489366,4.806121197210346,0.012147831851128693,-0.025623951076244395,0.0,450.50622188237577,449.4500543035317,449.87435747830045,450.7828929818828
3.3000000000000025,-1.8268639874573878,5.296763942541897,10.199750780345925,0.23879130806523374,0.14051230917846524,0.0,-2.1922347456942726,4.865187924277896,4.820331555576186,0.02181295997308449,-0.03834814452139526,0.0,450.3609774390496,449.33013156316383,449.8003459450179,450.582452005827
3.3600000000000025,-1.9610746009310585,5.592527709901466,10.489348924364714,0.2404250793526863,0.1380798324904351,0.0,-2.28124810021317,4.993512237971773,4.832683034244123,0.036309920323648694,-0.04533285085187525,0.0,450.08107108586034,449.51445558784127,449.56484921034416,450.7383636404856
3.4200000000000026,-2.1005820342840087,5.895977364420542,10.779632986401957,0.24285685861616457,0.13525322959551644,0.0,-2.36876357362934,5.121459143681496,4.84317934401882,0.04785613953824766,-0.05092371030670831,0.0,450.08532584447164,449.6312072931373,449.5822603735694,450.5178172344598
3.4800000000000026,-2.245290584920408,6.207104413614306,11.070489147262734,0.2460041020769923,0.13204756772762227,0.0,-2.454592066865342,5.249487988630594,4.851739650159578,0.0603467055054321,-0.058973628423526825,0.0,450.27533245453134,449.6216288738866,449.4222150030682,450.4354075804286
3.5400000000000027,-2.395095176966758,6.525931272242361,11.361816143961537,0.24994237321966395,0.12835557900939154,0.0,-2.5385932796367947,5.378187609745463,4.858856060591823,0.07453742032524492,-0.06721578811427151,0.0,450.35320371245956,449.6832114751969,449.6317012378448,450.7832129468068
3.6000000000000028,-2.549877044958914,6.852510076780237,11.65351391912505,0.2546485767861153,0.12421784356117982,0.0,-2.6204645679549676,5.507956133148547,4.864080262007627,0.08527096006275296,-0.07270432558271836,0.0,450.43712232245065,449.9894018685777,449.7198279735207,450.5933652674378
3.660000000000003,-2.7095001036233444,7.186914032074337,11.945450603995942,0.26011070959189286,0.11979832306943017,0.0,-2.6999448221836024,5.639085704199117,4.866803015107949,0.1005994367556508,-0.07563799483702889,0.0,450.32394075133936,450.0823685093392,449.3691045065813,450.61696620963147
3.720000000000003,-2.8738186500336598,7.529240980699754,12.237481561367144,0.26646033855452167,0.11519785449731224,0.0,-2.776969149586077,5.772130663567373,4.867191261474135,0.11463340919096573,-0.07883115449851665,0.0,450.31977233859556,450.0567688439786,449.47604712049935,450.6217613862131
3.780000000000003,-3.042682131876045,7.879618715227963,12.529454376441006,0.2736363050099486,0.11033695214163775,0.0,-2.851427882219881,5.90751234781871,4.86483668868738,0.12802778857517833,-0.08578258238484572,0.0,450.363854830918,449.79588488473075,449.5179418465331,450.6148696978813
3.840000000000003,-3.215932927458732,8.238202065585588,12.821203842696047,0.28160821810399916,0.10510236775593995,0.0,-2.923183895143629,6.045714357150006,4.859720337192033,0.14110540830103352,-0.09033465912841435,0.0,450.5011758683194,450.12665949008743,449.30699229241236,450.38211901408505
3.900000000000003,-3.3934040558426477,8.60517320839131,13.112560824278997,0.2902431631109925,0.09956036651565636,0.0,-2.9920859881629425,6.187158406609796,4.851727090917984,0.14900954877909223,-0.0967730531456975,0.0,450.59677957104293,450.0687709221797,449.55326743509477,450.21243177302233
3.960000000000003,-3.5749196449676512,8.98073520074001,13.403346929472772,0.2994577751216516,0.0937526627469829,0.0,-3.057977163085549,6.332111450217998,4.840672474484411,0.16141792165824081,-0.09683908482915259,0.0,450.39129458063627,450.3780848069844,449.34565658426624,450.3724851947294
4.020000000000002,-3.760295531976515,9.365103640690242,13.69336181796947,0.3094613696735893,0.08789950594803919,0.0,-3.120764976059958,6.480759333734163,4.825982932897705,0.17564417172025545,-0.09901811253682853,0.0,450.33878202060924,450.1544303240034,449.19166849999533,450.37014470565356
4.080000000000001,-3.9493463829201816,9.758514955631279,13.982390865999736,0.3203390870732301,0.08192747885299667,0.0,-3.1804695613619485,6.633599545835205,4.807766406919895,0.19069465972023478,-0.10058475492675448,0.0,450.2023459878188,450.0671416838318,449.2983304314289,450.5482958245369
4.14,-4.141887444493905,10.16123763889802,14.270228286637943,0.3319951160576453,0.07591452700979673,0.0,-3.237103030176755,6.7911903951799975,4.786211690179624,0.20058601581612573,-0.09948867781862059,0.0,450.13518608456013,450.21537782831194,449.8291433057926,450.6657907650976
4.199999999999998,-4.337733624016553,10.573560417412766,14.556649384513644,0.3443711885689451,0.0699546432382423,0.0,-3.29064907790085,6.95363690880484,4.760511931875865,0.21570834201621839,-0.09901891980559974,0.0,450.22120315147487,450.250869426213,449.5945012603413,450.8592993860073
4.259999999999997,-4.536701186551322,10.995782724478477,14.841394558094182,0.357533012777159,0.06405909222115636,0.0,-3.3411567318947997,7.12122005032192,4.7302920343722015,0.2258113976181436,-0.09678255459533058,0.0,450.161065205433,450.33389626348804,449.80589960876085,450.6703317930971
4.319999999999996,-4.7386111913260285,11.428226919000108,15.124201012932005,0.3711937848071729,0.05820610933933068,0.0,-3.3887412480048784,7.2943831976823486,4.6958414406708116,0.2311696332051664,-0.0991286920335289,0.0,450.4560676751454,450.2582376834026,450.3250664593878,450.8090704514136
4.379999999999995,-4.94328793092957,11.871223834118535,15.404791091007018,0.3853327136740079,0.052162014508386534,0.0,-3.4333739698236942,7.472982405815826,4.656382216267768,0.24335377938123096,-0.10415521172730889,0.0,450.6577234968929,450.24249634977986,450.0440874629321,451.0837600547054
4.439999999999993,-5.150550770145556,12.325094469146835,15.682835704510163,0.4002558674445016,0.04573442154830509,0.0,-3.4749251235250815,7.656873627267942,4.610946979934671,0.25771187468098367,-0.1138462904236774,0.0,450.6150537970834,449.82076075251354,449.8105433853029,451.0328683396037
4.499999999999992,-5.360209798929592,12.790165207595038,15.95797116385132,0.4160133926894778,0.03873988218098923,0.0,-3.513210565968508,7.846357200420858,4.559360803668643,0.27096824025491556,-0.12267894205193983,0.0,450.4008236258119,449.6736477789105,449.7546680159801,450.8955134441413
4.559999999999991,-5.572062195883572,13.26677834562712,16.229818735108932,0.432412359120832,0.031185357251564128,0.0,-3.5480052757334644,8.041642672548479,4.501306099750198,0.2776314420008194,-0.1333013572043217,0.0,450.4455637053121,449.5711547136004,449.7746460640326,450.38848853583164
4.6199999999999894,-5.785892379386585,13.755293389917902,16.498003285128373,0.4491453313212874,0.023048739856320388,0.0,-3.5791004291997517,8.243080022081722,4.437232897968847,0.28126961520945293,-0.14067586129374599,0.0,450.4694866285218,449.8557945527903,449.9282892617227,450.3004501138942
4.679999999999988,-6.00147171762151,14.256070012871794,16.762144625838676,0.46604303398364166,0.014471839565340261,0.0,-3.6062888463908624,8.450337486536787,4.366515731132458,0.2823347306044183,-0.14792556519418806,0.0,450.3773818912886,449.77162739136924,449.98497996576947,450.1504842018285
4.739999999999987,-6.218561744471247,14.769455975245055,17.021850518996057,0.4829197087606447,0.005327580728252457,0.0,-3.6294328140238976,8.663353205771468,4.2893782681483295,0.2790813108593731,-0.1633249390607038,0.0,450.73440398743753,449.4659391173877,450.2079502236669,450.0236177353814
4.799999999999986,-6.436912526460867,15.295782664818198,17.276726205493745,0.4995244002587036,6.2784605890249345,0.0,-3.6482616975524893,8.88164423455889,4.205534795539319,0.2716198116346678,-0.17766536711249922,0.0,450.66581255405646,449.47811754161006,450.23766842108466,449.7098101211032
4.859999999999984,-6.656255006925722,15.835359455124179,17.526384072128323,0.515724588971449,6.267566400235641,0.0,-3.6624425410406873,9.104958575805483,4.115489135721608,0.2665646569427828,-0.19080379646341578,0.0,450.51519854876057,449.4196021508068,450.26922670729545,449.93253635177246
4.919999999999983,-6.8763013981629175,16.388470910420025,17.770450979454004,0.5315835521282679,6.255915145492644,0.0,-3.671685450087538,9.332743884575402,4.019200862269757,0.25940213410178137,-0.2019846830450209,0.0,450.36722239967355,449.42519922626656,450.26064108509433,449.7500419625743
4.979999999999982,-7.096747541054586,16.95538236573425,18.008574714903734,0.5470723581785233,6.243645210736204,0.0,-3.675736175560926,9.564895845412773,3.9174150326596675,0.25551589947936637,-0.2100617013285875,0.0,450.41721995922876,449.7227141807293,450.1596272859507,449.9110451823844
5.0399999999999805,-7.317277321491221,17.5363324755058,18.24041155748132,0.5621961742084789,6.230924019556351,0.0,-3.674456135260516,9.800643818320552,3.8096624873432745,0.2440868696053891,-0.21624762261266678,0.0,450.23777218844265,449.6930617660894,450.31565681607884,449.4526706848557
5.099999999999979,-7.537566616874076,18.13153762859422,18.465633351255057,0.5767146582744598,6.217866449478265,0.0,-3.6677084016852204,10.039983167378367,3.6969608207525204,0.23738543823734828,-0.22053086867304178,0.0,450.2456425295457,449.8526356350827,450.3329043994267,449.84801461540326
5.159999999999978,-7.757285980854209,18.741193868458254,18.683943904111104,0.5908431741603533,6.204540078850886,0.0,-3.65545423080984,10.282283386087686,3.5793152430270503,0.23136047036397353,-0.22545245114746432,0.0,450.3571821146979,449.91053732905783,450.3388976734855,449.9056077682884
5.219999999999977,-7.9761043285851665,19.365463688304878,18.89504802958727,0.6045741963500211,6.1908102559576115,0.0,-3.637665723707932,10.527043423754249,3.4567771637723252,0.22329907212067485,-0.2366089744939486,0.0,450.61006316540676,449.6554102242608,450.4394737153707,449.8381349185371
5.279999999999975,-8.193684518063868,20.004492207372685,19.098673494005634,0.6178354391220786,6.176573478800945,0.0,-3.6141555951933264,10.774179378133185,3.330069960230708,0.21603313024274085,-0.23865296889661178,0.0,450.26904271036506,450.04819396438495,450.7438776336304,450.2037164413804
5.339999999999974,-8.409682132573115,20.658399148243888,19.294563069741343,0.6307052666313604,6.162317494147148,0.0,-3.584922099529119,11.02292779417547,3.198944686996099,0.21123942871519596,-0.2355763304281148,0.0,449.9403579253509,450.13390683803647,450.7553731268985,450.41239399887337
5.399999999999973,-8.623755743167301,21.327274761835035,19.48246458375625,0.6432989862335683,6.148212292566699,0.0,-3.5500469527425556,11.273075688057872,3.063812506967386,0.2070669889529196,-0.2341268615760773,0.0,450.18490060417395,450.24791110783127,450.75077411835116,450.4560519489203
5.4599999999999715,-8.83557445185167,22.01117791405927,19.662122000593424,0.655603307076368,6.134193450682815,0.0,-3.5097795104766223,11.523791921858516,2.924160736333236,0.20075762157163185,-0.23270705347680035,0.0,450.1685147061971,450.22982378266977,450.58576870831257,450.115895156903
5.51999999999997,-9.044817155700272,22.710138712643264,19.8332787675962,0.6675176600244885,6.12023653915664,0.0,-3.464198522578528,11.774937186382772,2.7804868451361844,0.19380764863922872,-0.23243246029403414,0.0,450.26431555094837,450.23343130646197,450.54829627765713,450.0238167061757
5.579999999999969,-9.25116998689296,23.424164998443963,19.995692708520103,0.6789553274158031,6.106288789548238,0.0,-3.4134642663290022,12.025915755442323,2.632773884426985,0.18337163686630062,-0.2325225085813181,0.0,450.10241786815766,450.0420691757465,450.6560960190913,449.8462153346859
5.639999999999968,-9.454326072176219,24.153235404253902,20.149132998517,0.6897449339404842,6.092471955608868,0.0,-3.3576542152922286,12.27633957014533,2.481424795554545,0.1715926755920361,-0.2261440572193768,0.0,449.93398630295997,450.3982600096612,450.4505746045661,449.52736569762595
5.699999999999966,-9.653984917222568,24.89730314350738,20.29339485865002,0.6999314364848672,6.078965881637405,0.0,-3.296919020193907,12.525753782445008,2.3268830805441536,0.16587251704035777,-0.2230968509442871,0.0,449.89079268522244,450.0879552375165,450.2492686791797,449.8132817871215
5.759999999999965,-9.849852905526886,25.656305562901537,20.428309149115467,0.7097885359275811,6.065578065946308,0.0,-3.2313132455058278,12.774109857350506,2.1698652063655772,0.1609091810376756,-0.22319703970758453,0.0,450.0354149499848,449.9786209682102,450.427453029143,450.051070665929
5.819999999999964,-10.041645348767084,26.430156735594622,20.553718183863857,0.7192820575103038,6.052073198565836,0.0,-3.1610754984268126,13.020669571161957,2.010077674503356,0.15223885997635384,-0.22913559936617314,0.0,450.19619910143894,449.6655769900233,450.47438348547786,449.7957956778542
5.879999999999963,-10.229081710030604,27.21874714877954,20.669473495485,0.7283454020986042,6.038225655139215,0.0,-3.0860968193385983,13.265374838510706,1.848132758384763,0.14858106670174107,-0.2343234598865524,0.0,450.30017194109837,449.827815502944,450.1855120096002,449.91048439762193
5.939999999999961,-10.411873074146904,28.021963760169527,20.775461692149786,0.73716839190815,6.024093362042933,0.0,-3.0062362401064746,13.508177534572486,1.684535407304931,0.14380080765449238,-0.23808032589578482,0.0,450.45043427563246,450.09184372204913,450.25886554868293,449.891764019375
5.99999999999996,-10.589728662772954,28.839677728520915,20.871580734027944,0.7458061299552767,6.009822550507106,0.0,-2.921572013496625,13.748588189402035,1.5191901036863666,0.14428296772142798,-0.2373848950170579,0.0,450.5131355724321,450.5137742308448,449.78267242122655,449.84080948656634
6.059999999999959,-10.76236196533013,29.671740195632925,20.95772921672046,0.7545475961109345,5.9955427581842216,0.0,-2.832181227783462,13.986439096605817,1.3521740224271315,0.14836522251627152,-0.23924617878396892,0.0,450.57661347227554,450.37034419428295,449.6696765875379,450.0199422731754
6.1199999999999575,-10.929493867474095,30.517993299778638,21.033802839170328,0.7634920577674613,5.9811387164900225,0.0,-2.7382105182273966,14.221598959783348,1.183339422653176,0.15045454133887684,-0.24175891303880026,0.0,450.4357602174321,450.17566427471013,449.88431851642815,450.07408950133663
6.179999999999956,-11.090853791148596,31.37827166766808,21.09968755867656,0.7724906010866164,5.966626957013242,0.0,-2.639797951225311,14.453932883430369,1.0125382980861415,0.14900169733862645,-0.24207052832125647,0.0,450.3448246520205,450.26197334593934,449.94906906618365,449.85223022405097
6.239999999999955,-11.246171474323361,32.25241736265423,21.15528149119467,0.7814475352461754,5.952146950409606,0.0,-2.5368240816440624,14.683815068802069,0.8403163565264089,0.14983681325814727,-0.23990145770715257,0.0,450.2969937113271,450.4151443601703,450.20665987370717,450.29486815930534
6.299999999999954,-11.395182390204429,33.14026955616127,21.200490229699266,0.7904420068922668,5.9377221374535125,0.0,-2.429603449538998,14.910793923387391,0.66635771165853,0.15004940328693067,-0.24145573951165308,0.0,450.83023266805867,450.64771489141896,449.99196388354756,450.029996880997
6.359999999999952,-11.537643288099398,34.041637503155016,21.235196522458903,0.7994166477021079,5.923022833001651,0.0,-2.318503812949184,15.134327886570471,0.49024535322253904,0.14861732676245112,-0.2531835499669655,0.0,451.135846202165,450.12805486034347,449.9219356842122,449.826652082918
6.419999999999951,-11.67331818877479,34.95631936821744,21.259281465923873,0.8083594500381821,5.907569991632936,0.0,-2.2033823858240957,15.354591681237643,0.31234250977328254,0.1498908988721724,-0.268109537316678,0.0,451.03914297698503,449.76538237439433,449.9948591523828,450.11853989778746
6.47999999999995,-11.801958973214706,35.88412398371124,21.272646546177885,0.8173706486836227,5.891233346774893,0.0,-2.084007892891116,15.57176382490897,0.13293388522776828,0.15077095046308003,-0.28225964844407947,0.0,451.04761564571436,449.8286437650852,450.05094509316126,450.1430959250793
6.5399999999999485,-11.92330593794344,36.82486730747127,21.275204246109645,0.8264828520083425,5.8740154724298925,0.0,-1.9602334138171211,15.785893669282679,-0.04788782193431786,0.15397976751613762,-0.29856238052128664,0.0,451.157885360811,449.7561340989109,449.9919722297502,450.27315801235545
6.599999999999947,-12.037098398425547,37.77835675665829,21.266860023785103,0.8357328539423268,5.8558602855646225,0.0,-1.832167587588875,15.996658300716057,-0.23045054481388139,0.15453749376701306,-0.3121493193057216,0.0,450.78299290571306,449.59075818387055,450.01859099944085,450.0858700190139
6.659999999999946,-12.14307260476273,38.74439809911906,21.24751628558046,0.8451084529318225,5.836915565320417,0.0,-1.6996094805520603,16.204306147460656,-0.4145214658532438,0.15949579829664046,-0.3241072399691161,0.0,450.70002907074604,449.6311763799163,449.61975644589285,450.0442208024915
6.719999999999945,-12.240954166154937,39.72281338137919,21.217088392179416,0.8547627231355941,5.817290527788693,0.0,-1.5624157559253649,16.409144612837224,-0.5999337651758611,0.16357930802279702,-0.3338024348667899,0.0,450.4645079463557,449.5709984576098,449.7199929622842,450.0750269875211
6.779999999999943,-12.330464504181522,40.71344074488284,21.17549611738605,0.8646583792493114,5.797124192210129,0.0,-1.4205809409470416,16.611392768738927,-0.7866768057517606,0.1674929617041984,-0.34114722848923773,0.0,450.29498743892515,449.5855015486928,449.80134260426166,450.1438871414103
6.839999999999942,-12.411323134932154,41.716135646720474,21.12266408341989,0.8747804912341719,5.776538307458804,0.0,-1.27404853184315,16.811409001742863,-0.9746045074499526,0.17101310677618287,-0.34730341983196955,0.0,450.24281037650746,449.62463690453944,450.0534228517264,450.36520906981457
6.899999999999941,-12.483263285345709,42.730752601075174,21.058507216683914,0.8848895680970434,5.755485522309218,0.0,-1.123316284685438,17.008809690955587,-1.1641615081283532,0.16288464978703926,-0.359184713526174,0.0,450.5495183267886,449.46190624209106,450.24400279387936,449.61233822284584
6.95999999999994,-12.546038509759486,43.757128844973344,20.98292971228667,0.8946616019761162,5.73379243499989,0.0,-0.9685189556007548,17.2033938626066,-1.3552104018778082,0.1628324190119995,-0.3667455253270405,0.0,450.196635412062,449.450802767337,449.64158654133814,449.66227846352535
7.019999999999938,-12.59938630622906,44.795117929587086,20.895870170465287,0.9044407045260616,5.71166835410296,0.0,-0.8090785742633345,17.39591833851872,-1.546878060298132,0.16328814613874174,-0.3730285731385356,0.0,450.25330101330616,449.60566531626034,449.67605299961593,449.7379452671518
7.079999999999937,-12.643039796953161,45.84458792566785,20.79728583422023,0.914262292051367,5.689218967747429,0.0,-0.6453925188022268,17.58611060937056,-1.7393533232161476,0.16448995449624368,-0.37650538354769914,0.0,449.99894505077077,449.5742996452418,449.5935620068556,449.7161643675426
7.139999999999936,-12.676738042030157,46.90541561869445,20.687140913916156,0.9241948727741072,5.666586244153237,0.0,-0.4772706316308804,17.774524499153568,-1.9322277676428583,0.1675673730689539,-0.37865937653910936,0.0,449.96496037333264,449.64511044906186,449.70642004860616,449.9815323949466
7.1999999999999345,-12.700233003259523,47.97748625931844,20.565402259145607,0.9342779321833863,5.643820311870478,0.0,-0.3053256621926714,17.96090218176624,-2.1258116206294715,0.1689997856884986,-0.3810190825138022,0.0,449.8373224911974,449.49892839471715,449.7399458661064,449.8826521767184
7.259999999999933,-12.713286497452401,49.060701729547525,20.43204178107141,0.9445757517447007,5.620953513652104,0.0,-0.12926738490893347,18.146043906583305,-2.319624419764812,0.17642487387199762,-0.3813017879760815,0.0,450.0531009463334,449.88182829854026,449.62298569432045,450.25223788004826
7.319999999999932,-12.715672777226786,50.15498420536102,20.287034998969492,0.9552855209721658,5.5980926576326375,0.0,0.0501739655234241,18.32984769923705,-2.5140510317978633,0.18234112829103963,-0.3804471946282706,0.0,450.26366120940014,450.1846306902819,449.52609349511306,450.0357713222616
7.379999999999931,-12.707206823097012,51.26025971518708,20.130337893201872,0.9663879733260092,5.575341190601566,0.0,0.23239584020957668,18.51252697693491,-2.7093216722829263,0.18995001713425466,-0.37679794426861435,0.0,450.11031393040014,450.2589463035787,449.4992604140914,450.14842892756565
7.439999999999929,-12.687732020819212,52.376477910808205,19.961899763996303,0.977909583588775,5.553008052916162,0.0,0.4170306579322335,18.694651069860765,-2.905449972062859,0.1958809509456134,-0.364374051570988,0.0,450.0008154667726,450.8645229769137,449.5506189320476,450.0665694719876
7.499999999999928,-12.657127260830674,53.50361347654619,19.781662453011617,0.9898600836461817,5.5314429599202555,0.0,0.6032562711296867,18.87647311697626,-3.1026630071973473,0.205051936535206,-0.35102033321170245,0.0,450.20060915683,451.14884193389463,449.405282770255,450.18658702579376
7.559999999999927,-12.615348405877759,54.641637067957966,19.589539530956795,1.0025050265033784,5.510639610330497,0.0,0.7893431343819934,19.057649992336287,-3.3016869094233092,0.220210441601894,-0.33929583389677104,0.0,449.9840578773007,450.8105450193157,449.0046282434726,450.2762240020141
7.6199999999999255,-12.562427738976776,55.790534379066116,19.385415946489747,1.0160888736182754,5.490398871351665,0.0,0.9744768681403011,19.239030899299195,-3.502758094653884,0.23653093228540795,-0.33371562660308435,0.0,450.2076406857967,450.54390879914916,448.83148727631914,450.2046314349294
7.679999999999924,-12.498452402759263,56.95034367737567,19.169156895763965,1.030643800139111,5.470406462098939,0.0,1.1576820413642501,19.421518827221,-3.7062628046363946,0.25252949048307544,-0.33221096498863206,0.0,450.3003352484709,450.30976704288094,448.8691963055619,450.22399858154057
7.739999999999923,-12.423570682315434,58.12115790686729,18.940603570534684,1.0461258617617446,5.450367039238447,0.0,1.337901080784715,19.606029681637875,-3.912607408400576,0.2672232816412211,-0.33779863882532163,0.0,450.4433600997342,449.8779767038577,448.9096874682568,450.1667976425688
7.799999999999922,-12.337982130735213,59.30313603145603,18.699580063528256,1.0624203420330876,5.42992652311456,0.0,1.5145019718494632,19.793853545130048,-4.121946721670773,0.2790862909239836,-0.34713685653132664,0.0,450.5111463607809,449.6370929781942,448.98130723015714,450.0165630292621
7.85999999999992,-12.241915558732433,60.49652054275361,18.445906806172406,1.0793617014654915,5.408939827501191,0.0,1.687132967128364,19.986471397181354,-4.334249663416629,0.2881900264523279,-0.3556474644400569,0.0,450.39653204920194,449.5827715925084,449.0615485350392,449.8794376324825
7.919999999999919,-12.135611727209888,61.701648722267855,18.179411801875723,1.096826032824291,5.387431227942219,0.0,1.8557245665894888,20.185549121750746,-4.549309253251218,0.2962779069805908,-0.3648166729479854,0.0,450.5035410074376,449.6300865670379,449.00341850995954,449.74433833839316
7.979999999999918,-12.019312722418418,62.9189605191953,17.899937051028356,1.1147192593514923,5.3654739999206615,0.0,2.020300973746745,20.392851117149238,-4.766873488615729,0.3018383433315496,-0.36832309604379615,0.0,450.2507729305606,449.830331774491,449.1874168410974,449.727702894417
8.039999999999917,-11.893260829067598,64.14900129964198,17.607339337220584,1.1328662796656506,5.343337427429969,0.0,2.1808073076151233,20.61009725837848,-4.98670491491212,0.3036440223999135,-0.37020801927802655,0.0,450.0723749708999,449.78088549078893,449.5195793853748,449.7579924354195
8.099999999999916,-11.75769594517084,65.39242175345731,17.301492781458222,1.1511184999807114,5.321051385963257,0.0,2.337404627709464,20.83909177850758,-5.208453566365021,0.30529730473356764,-0.37399756794749084,0.0,450.2721201073991,449.8245013089379,449.61629607696636,449.8434219934879
8.159999999999915,-11.61286940666719,66.6499677540225,16.982286373600118,1.1694396211073173,5.298532806980148,0.0,2.4895625785783846,21.08123896875194,-5.431982035303568,0.3054609365718062,-0.37806269982674084,0.0,450.2554762088111,449.78245775244324,449.42546548492777,449.5326666591131
8.219999999999914,-11.459012730606496,67.92250501314733,16.6496309473307,1.187687319439351,5.27584225198666,0.0,2.6384549881904285,21.339098001642398,-5.6567039906517955,0.3013279088122624,-0.3784025687522662,0.0,450.3186699494782,450.14521443026416,449.7728859144337,449.5309602288633
8.279999999999912,-11.296330492477926,69.21102429159396,16.3034613309324,1.2057507565466237,5.253137330403797,0.0,2.7838007743749884,21.614266164253944,-5.882395423944669,0.30051189842437215,-0.3784408697333416,0.0,450.3426984395641,450.19347793036485,449.5355799506441,449.560614359312
8.339999999999911,-11.125027201229262,70.51662585384388,15.943728761324476,1.2237209581516284,5.230285445127713,0.0,2.9258811105623974,21.90884961796819,-6.108768186396746,0.2974115060204983,-0.3861967079855347,0.0,450.54238220566975,449.76616221215414,449.63264636685506,449.4714831699212
8.39999999999991,-10.945278429972088,71.84054960416924,15.57040147348951,1.2414494772717513,5.207008428257435,0.0,3.065459033050975,22.225403826771476,-6.335497165563824,0.291302263860627,-0.3916972061264766,0.0,450.2927013106348,449.69320612924554,449.85532337711055,449.447756193341
8.459999999999908,-10.75719571742889,73.18419888035774,15.183471407904483,1.2587258774686028,5.1834870933622845,0.0,3.2038275653180204,22.56675725376484,-6.56213189050775,0.2802080711697322,-0.39267812519345274,0.0,450.0545809408847,449.8178464499257,450.2673711535169,449.45138862099594
8.519999999999907,-10.560819852532568,74.54913910547633,14.78295850773838,1.2754375170741996,5.159967305734304,0.0,3.342033670036373,22.935467253051442,-6.788184425390425,0.2749432309683332,-0.3906712480581153,0.0,450.105713694387,450.1110241726578,450.06073172604636,449.71166076195703
8.579999999999906,-10.356141821577246,75.93708707775168,14.368907325185937,1.2919022796628283,5.136452938715561,0.0,3.4806697786357335,23.334115270156772,-7.013392544745224,0.2733325741647281,-0.39448863396249845,0.0,450.4276272936334,449.96145999425937,449.90085793137234,449.84549955581446
8.639999999999905,-10.143110180419379,77.34993474901034,13.941369479661383,1.3082685550398452,5.112734591830659,0.0,3.620646337476098,23.765993494780265,-7.237753376732681,0.2716270368663568,-0.3969863501421089,0.0,450.3772022705858,450.0150785399579,449.98221328568036,449.91824323420326
8.699999999999903,-9.92160795141693,78.78978905667786,13.500392377001486,1.324479241525447,5.088783149451881,0.0,3.763199803419561,24.234918791956208,-7.461391841321886,0.2671177556088124,-0.4039922472655509,0.0,450.69257666426313,449.96234096713636,450.1278156188946,449.83526546407984
8.759999999999902,-9.691443165630913,80.25899334488639,13.046015402106384,1.3403811051061592,5.064364360349025,0.0,3.909672942085181,24.744977883942592,-7.684419203465454,0.2605030367581929,-0.4137207124048599,0.0,450.7333762775609,449.77591040794,450.3258810083619,449.8600172692992
8.8199999999999,-9.45233008354524,81.76014838489895,12.57827450257969,1.3558700259696481,5.039270483904691,0.0,4.061840718627342,25.300667690639038,-7.906846978921525,0.2529792970449176,-0.42921554332835904,0.0,450.7633042156813,449.32824311801363,450.37089650347366,449.82768140998
8.8799999999999,-9.203834521222172,83.29614931370254,12.097208622442784,1.3709268123839884,5.013268016029524,0.0,4.222910231742298,25.907332830119973,-8.12857533803384,0.24654488516785192,-0.443312989068014,0.0,450.6249903434087,449.2893170534796,450.4163754193376,449.9576831675903
8.939999999999898,-8.945320499816386,84.87022780552836,11.602859547140225,1.3856966350017688,4.986449483553734,0.0,4.396305091228269,26.570833143804133,-8.349648616772091,0.2453918935292645,-0.4555083873585459,0.0,450.55988539915916,449.36577277733016,450.2177271437231,450.18420404371807
8.999999999999897,-8.675949984419374,86.48598706005,11.095253980338626,1.4005775210425693,4.9589500308092145,0.0,4.585319636345052,27.297756588267536,-8.570587538025812,0.25279356027753214,-0.46462405923374095,0.0,450.41629377130687,449.4609006271251,449.76973420926754,450.42976843891785
9.059999999999896,-8.394683560476437,88.14746131428072,10.574363095516391,1.415984416471856,4.931011873871139,0.0,4.7933492106948465,28.095924879850614,-8.792767188329794,0.26374266247702355,-0.4677318114986519,0.0,450.06146932101177,449.5856612578439,449.5379454898586,450.4898840219458
9.119999999999894,-8.10027848600149,89.8591917387062,10.040049527468765,1.431956361659049,4.902939643132163,0.0,5.023761078108905,28.9743751147771,-9.018373948273025,0.2706982310114807,-0.4681482328768592,0.0,449.7870643052536,449.52703026085624,449.6748855345945,450.308635313036
9.179999999999893,-7.791270789041509,91.62629548692318,9.49203353159862,1.4484639557404488,4.874740420628235,0.0,5.280654914853327,29.943286648021818,-9.249915744283674,0.28275331676964194,-0.4739271890359381,0.0,450.1067991094424,449.4101104423819,449.57560858560544,450.6269621850486
9.239999999999892,-7.465940491692857,93.4545450388261,8.929867044152342,1.4657038227757422,4.846198579741259,0.0,5.568603300936446,31.014478390204392,-9.49060418507971,0.2951795887960607,-0.47947920113905046,0.0,450.49724236952886,449.81385632939583,449.4610338138564,450.5497759429651
9.29999999999989,-7.1222766838276135,95.35048257480754,8.35288180425185,1.4837574359059786,4.8172396164085,0.0,5.892690871093711,32.20177899278672,-9.744550498538244,0.31037197735518857,-0.4898583789321672,0.0,450.8571259403857,449.77608769655427,449.16057305594137,450.48202236747727
9.35999999999989,-6.7579073305460415,97.32155380147954,7.760132554789181,1.5026334541409962,4.787703612343975,0.0,6.259994376993188,33.52155827645063,-10.01691381127546,0.32192407106973503,-0.4975550895765475,0.0,450.80498659256426,449.9313649773222,449.15741863692983,450.1932350833539
9.419999999999888,-6.369970408505872,99.37626577400465,7.150336345821487,1.5221837252441395,4.757814063415015,0.0,6.67963723022344,34.992812389746206,-10.31374280845786,0.3326810602410844,-0.49939002320560577,0.0,450.62108857694295,450.2158113406428,449.31522689253893,450.29385910978857
9.479999999999887,-5.955047906962811,101.52435103602164,6.521817601345867,1.542332494849548,4.7278269232561065,0.0,7.161010875890038,36.637531671262416,-10.642145670517824,0.34142271919778683,-0.5005854097242808,0.0,450.6158658119603,450.2606411622176,449.4330412494023,450.25529176059456
9.539999999999885,-5.509126402816501,103.77697828079808,5.872435334041592,1.562970466190742,4.697754619341289,0.0,7.714760457058532,38.481757065417824,-11.010551342921609,0.3486086328054462,-0.5024684544493865,0.0,450.2266890716189,449.81394114692006,449.65499834398497,450.3568080127891
9.599999999999884,-5.027470133622884,106.14703104428203,5.19949536855479,1.5840367068481616,4.6675100027718734,0.0,8.35445392045371,40.55681024081428,-11.429047125645527,0.35566554366555037,-0.5074893028327515,0.0,450.0900854118019,449.4197662541759,449.530258474403,450.2270051061688
9.659999999999883,-4.504372750556493,108.6494671045595,4.4996316825191105,1.605497174707648,4.6369284728846765,0.0,9.099069681937419,42.90076802639598,-11.910054695521156,0.36140591844566156,-0.5144850210929773,0.0,450.3173865280496,449.48126873805126,449.9100118649612,450.50458990492075
9.719999999999882,-3.9328995115960717,111.30178360623725,3.7686452897281786,1.6273569232640899,4.6059228709452,0.0,9.970747144535213,45.56054770832081,-12.469039783142394,0.36959905772675716,-0.5217251675046676,0.0,450.49252068642505,449.6292534305498,449.8745486163737,450.67244633955806
9.77999999999988,-3.304597688407649,114.12462905863532,3.0012829912268377,1.6496217356469698,4.574508248743095,0.0,10.998156071686973,48.59478670908113,-13.125925239699585,0.37388061995012667,-0.5275453887340078,0.0,450.4784141241544,449.7227321936026,450.1461872160444,450.63275117962576
9.839999999999879,-2.60906461057566,117.14261845625477,2.1909384464292527,1.6720368363786093,4.542761241142907,0.0,12.217940891795784,52.07773468567158,-13.905949665590276,0.37298909588531204,-0.532444595733154,0.0,450.3225287713075,449.6350865406051,450.55835082477506,450.6284360076307
9.899999999999878,-1.8334037248230908,120.38543482138061,1.3293058086951388,1.6942406112371646,4.5107007278521,0.0,13.677167836545273,56.10512938928132,-14.840776254166247,0.3634766802333536,-0.5384150373254551,0.0,450.26992294823685,449.48969638676834,450.67674402251214,450.04665713781816
9.959999999999877,-0.9614128510866247,123.88935681427873,0.40594410043149,1.7158508977986227,4.478332613805552,0.0,15.439857723603264,60.80265952587081,-15.970239976631317,0.35259697366287357,-0.5416528979058384,0.0,450.2590956022206,449.6945222064143,450.49964649511054,449.7510150370258
10.019999999999875,0.027606116363405195,127.69944259924922,0.0,1.7368414201480125,4.445813765247678,0.0,17.593055996938023,66.33983926349859,-17.34711379179829,0.3436496183281381,-0.542588778582646,0.0,450.3584335923678,449.9715627611295,450.38572746633355,449.789544732086
